                    0
-3.86472903457062e-22
 3.86472903457062e-22
  0.00197023617668212
-3.86472903457062e-23
-3.86472903457062e-23
                    0
 3.86472903457062e-22
  0.00714285714285714
-4.33680868994202e-19
                    0
-1.17549435082229e-38
                    0
                    0
                    0
                    0
                    0
                    0
                   -0
-1.04083408558608e-17
 2.77555756156289e-17
                   -0
-2.40741243048404e-35
-2.40741243048404e-35